0.000000000000000000e+00,0.000000000000000000e+00,0.000000000000000000e+00,0.000000000000000000e+00,0.000000000000000000e+00,0.000000000000000000e+00,0.000000000000000000e+00,0.000000000000000000e+00
9.660472651968712854e-02,9.648745033450090158e-02,1.093845435516255377e-01,1.102187942104294743e-01,1.607353840764542963e-01,9.648750751007843796e-02,3.300815937972243486e-01,2.000000000000000000e+00
1.172260457560672375e-01,1.172259453222917053e-01,2.813496287868031409e-01,1.172260404870149042e-01,1.302962227123043437e-01,1.172259453975018767e-01,1.194501715380168749e-01,1.000000000000000000e+00
1.428571428571428492e-01,1.428571428571428492e-01,1.428571428571428492e-01,1.428571428571428492e-01,1.428571428571428492e-01,1.428571428571428492e-01,1.428571428571428492e-01,0.000000000000000000e+00
1.428571428571428492e-01,1.428571428571428492e-01,1.428571428571428492e-01,1.428571428571428492e-01,1.428571428571428492e-01,1.428571428571428492e-01,1.428571428571428492e-01,0.000000000000000000e+00
9.660472651968712854e-02,9.648745033450090158e-02,1.093845435516255377e-01,1.102187942104294743e-01,1.607353840764542963e-01,9.648750751007843796e-02,3.300815937972243486e-01,2.000000000000000000e+00
9.660472651968712854e-02,9.648745033450090158e-02,1.093845435516255377e-01,1.102187942104294743e-01,1.607353840764542963e-01,9.648750751007843796e-02,3.300815937972243486e-01,2.000000000000000000e+00
9.660472651968712854e-02,9.648745033450090158e-02,1.093845435516255377e-01,1.102187942104294743e-01,1.607353840764542963e-01,9.648750751007843796e-02,3.300815937972243486e-01,2.000000000000000000e+00
7.888707209056176894e-02,7.887650343699832700e-02,2.459892831784270539e-01,7.984681663197681911e-02,1.277681953696561123e-01,7.887654122505120824e-02,3.097555880673287243e-01,3.000000000000000000e+00
9.593669719493941317e-02,9.591916963221185088e-02,2.596472102087237221e-01,9.596715457344764943e-02,9.647827550611166869e-02,9.591947439733281011e-02,2.601320184872330521e-01,2.000000000000000000e+00
1.008227817078614086e-01,1.007653636651471840e-01,2.722857492019320480e-01,1.214348554052675638e-01,1.437894973321838799e-01,1.007656633374247601e-01,1.601360893501830862e-01,2.000000000000000000e+00
1.008227817078614086e-01,1.007653636651471840e-01,2.722857492019320480e-01,1.214348554052675638e-01,1.437894973321838799e-01,1.007656633374247601e-01,1.601360893501830862e-01,2.000000000000000000e+00
1.008227817078614086e-01,1.007653636651471840e-01,2.722857492019320480e-01,1.214348554052675638e-01,1.437894973321838799e-01,1.007656633374247601e-01,1.601360893501830862e-01,2.000000000000000000e+00
1.008227817078614086e-01,1.007653636651471840e-01,2.722857492019320480e-01,1.214348554052675638e-01,1.437894973321838799e-01,1.007656633374247601e-01,1.601360893501830862e-01,2.000000000000000000e+00
1.008227817078614086e-01,1.007653636651471840e-01,2.722857492019320480e-01,1.214348554052675638e-01,1.437894973321838799e-01,1.007656633374247601e-01,1.601360893501830862e-01,2.000000000000000000e+00
1.008227817078614086e-01,1.007653636651471840e-01,2.722857492019320480e-01,1.214348554052675638e-01,1.437894973321838799e-01,1.007656633374247601e-01,1.601360893501830862e-01,2.000000000000000000e+00
6.631463743773742536e-02,6.629124652961666808e-02,2.928660402665662632e-01,1.679013700609872928e-01,8.343385495065103186e-02,6.629458582359271102e-02,2.568982649308485522e-01,4.000000000000000000e+00
6.631463743773742536e-02,6.629124652961666808e-02,2.928660402665662632e-01,1.679013700609872928e-01,8.343385495065103186e-02,6.629458582359271102e-02,2.568982649308485522e-01,4.000000000000000000e+00
6.631463743773742536e-02,6.629124652961666808e-02,2.928660402665662632e-01,1.679013700609872928e-01,8.343385495065103186e-02,6.629458582359271102e-02,2.568982649308485522e-01,4.000000000000000000e+00
6.631463743773742536e-02,6.629124652961666808e-02,2.928660402665662632e-01,1.679013700609872928e-01,8.343385495065103186e-02,6.629458582359271102e-02,2.568982649308485522e-01,4.000000000000000000e+00
6.631463743773742536e-02,6.629124652961666808e-02,2.928660402665662632e-01,1.679013700609872928e-01,8.343385495065103186e-02,6.629458582359271102e-02,2.568982649308485522e-01,4.000000000000000000e+00
6.631463743773742536e-02,6.629124652961666808e-02,2.928660402665662632e-01,1.679013700609872928e-01,8.343385495065103186e-02,6.629458582359271102e-02,2.568982649308485522e-01,4.000000000000000000e+00
6.631463743773742536e-02,6.629124652961666808e-02,2.928660402665662632e-01,1.679013700609872928e-01,8.343385495065103186e-02,6.629458582359271102e-02,2.568982649308485522e-01,4.000000000000000000e+00
6.631463743773742536e-02,6.629124652961666808e-02,2.928660402665662632e-01,1.679013700609872928e-01,8.343385495065103186e-02,6.629458582359271102e-02,2.568982649308485522e-01,4.000000000000000000e+00
6.631463743773742536e-02,6.629124652961666808e-02,2.928660402665662632e-01,1.679013700609872928e-01,8.343385495065103186e-02,6.629458582359271102e-02,2.568982649308485522e-01,4.000000000000000000e+00
6.631463743773742536e-02,6.629124652961666808e-02,2.928660402665662632e-01,1.679013700609872928e-01,8.343385495065103186e-02,6.629458582359271102e-02,2.568982649308485522e-01,4.000000000000000000e+00
9.875536430603477911e-02,9.869815940480869410e-02,1.257674182229750193e-01,2.046797930158540391e-01,9.931839936317664319e-02,9.870492996444897582e-02,2.740759357227017801e-01,2.000000000000000000e+00
9.875536430603477911e-02,9.869815940480869410e-02,1.257674182229750193e-01,2.046797930158540391e-01,9.931839936317664319e-02,9.870492996444897582e-02,2.740759357227017801e-01,2.000000000000000000e+00
9.875536430603477911e-02,9.869815940480869410e-02,1.257674182229750193e-01,2.046797930158540391e-01,9.931839936317664319e-02,9.870492996444897582e-02,2.740759357227017801e-01,2.000000000000000000e+00
9.875536430603477911e-02,9.869815940480869410e-02,1.257674182229750193e-01,2.046797930158540391e-01,9.931839936317664319e-02,9.870492996444897582e-02,2.740759357227017801e-01,2.000000000000000000e+00
9.875536430603477911e-02,9.869815940480869410e-02,1.257674182229750193e-01,2.046797930158540391e-01,9.931839936317664319e-02,9.870492996444897582e-02,2.740759357227017801e-01,2.000000000000000000e+00
9.875536430603477911e-02,9.869815940480869410e-02,1.257674182229750193e-01,2.046797930158540391e-01,9.931839936317664319e-02,9.870492996444897582e-02,2.740759357227017801e-01,2.000000000000000000e+00
9.875536430603477911e-02,9.869815940480869410e-02,1.257674182229750193e-01,2.046797930158540391e-01,9.931839936317664319e-02,9.870492996444897582e-02,2.740759357227017801e-01,2.000000000000000000e+00
9.875536430603477911e-02,9.869815940480869410e-02,1.257674182229750193e-01,2.046797930158540391e-01,9.931839936317664319e-02,9.870492996444897582e-02,2.740759357227017801e-01,2.000000000000000000e+00
9.875536430603477911e-02,9.869815940480869410e-02,1.257674182229750193e-01,2.046797930158540391e-01,9.931839936317664319e-02,9.870492996444897582e-02,2.740759357227017801e-01,2.000000000000000000e+00
9.875536430603477911e-02,9.869815940480869410e-02,1.257674182229750193e-01,2.046797930158540391e-01,9.931839936317664319e-02,9.870492996444897582e-02,2.740759357227017801e-01,2.000000000000000000e+00
9.875536430603477911e-02,9.869815940480869410e-02,1.257674182229750193e-01,2.046797930158540391e-01,9.931839936317664319e-02,9.870492996444897582e-02,2.740759357227017801e-01,2.000000000000000000e+00
9.875536430603477911e-02,9.869815940480869410e-02,1.257674182229750193e-01,2.046797930158540391e-01,9.931839936317664319e-02,9.870492996444897582e-02,2.740759357227017801e-01,2.000000000000000000e+00
9.875536430603477911e-02,9.869815940480869410e-02,1.257674182229750193e-01,2.046797930158540391e-01,9.931839936317664319e-02,9.870492996444897582e-02,2.740759357227017801e-01,2.000000000000000000e+00
9.845277730826050566e-02,9.690017790274918497e-02,2.342918124751735831e-01,9.700029957194661323e-02,1.032009146263317967e-01,9.695834030121852631e-02,2.731956778143196374e-01,2.000000000000000000e+00
9.845277730826050566e-02,9.690017790274918497e-02,2.342918124751735831e-01,9.700029957194661323e-02,1.032009146263317967e-01,9.695834030121852631e-02,2.731956778143196374e-01,2.000000000000000000e+00
9.845277730826050566e-02,9.690017790274918497e-02,2.342918124751735831e-01,9.700029957194661323e-02,1.032009146263317967e-01,9.695834030121852631e-02,2.731956778143196374e-01,2.000000000000000000e+00
9.845277730826050566e-02,9.690017790274918497e-02,2.342918124751735831e-01,9.700029957194661323e-02,1.032009146263317967e-01,9.695834030121852631e-02,2.731956778143196374e-01,2.000000000000000000e+00
9.845277730826050566e-02,9.690017790274918497e-02,2.342918124751735831e-01,9.700029957194661323e-02,1.032009146263317967e-01,9.695834030121852631e-02,2.731956778143196374e-01,2.000000000000000000e+00
9.609376515622536363e-02,9.603133676967186283e-02,2.615250084506157702e-01,9.723411889390180807e-02,9.603320690369233914e-02,9.609690082365349162e-02,2.569856630022394062e-01,2.000000000000000000e+00
9.609376515622536363e-02,9.603133676967186283e-02,2.615250084506157702e-01,9.723411889390180807e-02,9.603320690369233914e-02,9.609690082365349162e-02,2.569856630022394062e-01,2.000000000000000000e+00
9.609376515622536363e-02,9.603133676967186283e-02,2.615250084506157702e-01,9.723411889390180807e-02,9.603320690369233914e-02,9.609690082365349162e-02,2.569856630022394062e-01,2.000000000000000000e+00
9.609376515622536363e-02,9.603133676967186283e-02,2.615250084506157702e-01,9.723411889390180807e-02,9.603320690369233914e-02,9.609690082365349162e-02,2.569856630022394062e-01,2.000000000000000000e+00
9.609376515622536363e-02,9.603133676967186283e-02,2.615250084506157702e-01,9.723411889390180807e-02,9.603320690369233914e-02,9.609690082365349162e-02,2.569856630022394062e-01,2.000000000000000000e+00
9.609376515622536363e-02,9.603133676967186283e-02,2.615250084506157702e-01,9.723411889390180807e-02,9.603320690369233914e-02,9.609690082365349162e-02,2.569856630022394062e-01,2.000000000000000000e+00
9.609376515622536363e-02,9.603133676967186283e-02,2.615250084506157702e-01,9.723411889390180807e-02,9.603320690369233914e-02,9.609690082365349162e-02,2.569856630022394062e-01,2.000000000000000000e+00
9.609376515622536363e-02,9.603133676967186283e-02,2.615250084506157702e-01,9.723411889390180807e-02,9.603320690369233914e-02,9.609690082365349162e-02,2.569856630022394062e-01,2.000000000000000000e+00
9.609376515622536363e-02,9.603133676967186283e-02,2.615250084506157702e-01,9.723411889390180807e-02,9.603320690369233914e-02,9.609690082365349162e-02,2.569856630022394062e-01,2.000000000000000000e+00
9.609376515622536363e-02,9.603133676967186283e-02,2.615250084506157702e-01,9.723411889390180807e-02,9.603320690369233914e-02,9.609690082365349162e-02,2.569856630022394062e-01,2.000000000000000000e+00
9.609376515622536363e-02,9.603133676967186283e-02,2.615250084506157702e-01,9.723411889390180807e-02,9.603320690369233914e-02,9.609690082365349162e-02,2.569856630022394062e-01,2.000000000000000000e+00
9.609376515622536363e-02,9.603133676967186283e-02,2.615250084506157702e-01,9.723411889390180807e-02,9.603320690369233914e-02,9.609690082365349162e-02,2.569856630022394062e-01,2.000000000000000000e+00
9.609376515622536363e-02,9.603133676967186283e-02,2.615250084506157702e-01,9.723411889390180807e-02,9.603320690369233914e-02,9.609690082365349162e-02,2.569856630022394062e-01,2.000000000000000000e+00
9.609376515622536363e-02,9.603133676967186283e-02,2.615250084506157702e-01,9.723411889390180807e-02,9.603320690369233914e-02,9.609690082365349162e-02,2.569856630022394062e-01,2.000000000000000000e+00
9.609376515622536363e-02,9.603133676967186283e-02,2.615250084506157702e-01,9.723411889390180807e-02,9.603320690369233914e-02,9.609690082365349162e-02,2.569856630022394062e-01,2.000000000000000000e+00
9.609376515622536363e-02,9.603133676967186283e-02,2.615250084506157702e-01,9.723411889390180807e-02,9.603320690369233914e-02,9.609690082365349162e-02,2.569856630022394062e-01,2.000000000000000000e+00
9.609376515622536363e-02,9.603133676967186283e-02,2.615250084506157702e-01,9.723411889390180807e-02,9.603320690369233914e-02,9.609690082365349162e-02,2.569856630022394062e-01,2.000000000000000000e+00
